cov_height,cov_arm_span,cov_forearm,cov_lower_leg,cov_weight,cov_bitro_diameter,cov_chest_girth,cov_chest_width,center,n_obs
1.0,0.846,0.805,0.859,0.473,0.398,0.301,0.382,0,305
0.846,1.0,0.881,0.826,0.376,0.326,0.277,0.415,0,305
0.805,0.881,1.0,0.801,0.38,0.319,0.237,0.345,0,305
0.859,0.826,0.801,1.0,0.436,0.329,0.327,0.365,0,305
0.473,0.376,0.38,0.436,1.0,0.762,0.73,0.629,0,305
0.398,0.326,0.319,0.329,0.762,1.0,0.583,0.577,0,305
0.301,0.277,0.237,0.327,0.73,0.583,1.0,0.539,0,305
0.382,0.415,0.345,0.365,0.629,0.577,0.539,1.0,0,305
