bladelen,petiole,bladewid,latitude,logwid,logpet,loglen,arch,location
33.88,1.402632,13.65,5.0,2.61373952163097,0.338350471632985,3.52282486978385,0,Sabah
33.32,1.01626,10.26,5.0,2.32825283974262,0.0161292219298708,3.50615781729864,0,Sabah
29.35,2.392025,12.21,5.0,2.50225528812261,0.872140287538785,3.37929254627411,0,Sabah
26.87,0.808787,8.7,5.0,2.16332302566054,-0.212219684599907,3.2910104226274,0,Sabah
26.67,0.802767,8.41,5.0,2.12942147398486,-0.219690769033384,3.28353933819392,0,Sabah
24.23,1.490145,7.7,5.0,2.04122032885964,0.39887343065877,3.18759153482843,0,Sabah
23.85,1.09233,5.69,5.0,1.73871024813824,0.0883130294723525,3.17178421733435,0,Sabah
23.3,1.9106,8.41,5.0,2.12942147398486,0.647417328853771,3.14845336057165,0,Sabah
23.11,1.881154,7.95,5.0,2.07317192866624,0.631885418312647,3.14026542428629,0,Sabah
23.08,0.976284,6.98,5.0,1.94304891677428,-0.0240017512900059,3.1389664416399,0,Sabah
22.14,3.015468,8.01,5.0,2.08069076108027,1.10375504201377,3.09738592728049,0,Sabah
21.57,2.622912,8.67,5.0,2.15986879079245,0.964285150950995,3.07130346040107,0,Sabah
21.3,1.46118,6.59,5.0,1.88555334851442,0.379244328465082,3.05870707271538,0,Sabah
20.97,1.360953,6.73,5.0,1.90657514365664,0.308185189641736,3.04309284491383,0,Sabah
20.82,0.88485,6.71,5.0,1.90359895098359,-0.122337139864943,3.03591406318682,0,Sabah
20.48,0.970752,6.06,5.0,1.80170980008122,-0.0296842501097993,3.01944880017131,0,Sabah
20.42,1.223158,8.48,5.0,2.13771044980381,0.201436038875786,3.01651481273652,0,Sabah
20.41,0.957229,6.24,5.0,1.83098018238134,-0.04371262670815,3.01602497682175,0,Sabah
20.37,0.996093,5.07,5.0,1.62334081760309,-0.00391465226259625,3.01406323023871,0,Sabah
20.13,1.344684,6.73,5.0,1.90657514365664,0.296159041212163,3.0022112396517,0,Sabah
20.04,1.178352,5.01,5.0,1.61143591509677,0.164116852139109,2.99773027621666,0,Sabah
19.37,1.586403,6.62,5.0,1.89009536994892,0.461469189295791,2.9637254774189,0,Sabah
19.34,1.088842,6.57,5.0,1.88251383249652,0.0851147461886562,2.96217549002515,0,Sabah
19.3,1.32784,7.18,5.0,1.97129938306013,0.283553561868001,2.96010509591084,0,Sabah
19.21,0.851003,6.89,5.0,1.93007108502557,-0.161339625150582,2.95543097678047,0,Sabah
19.02,0.886332,7.44,5.0,2.006870848845,-0.120663680733293,2.94549105711724,0,Sabah
18.56,0.950272,6.22,5.0,1.82776990675109,-0.0510070195786204,2.92100872735805,0,Sabah
18.34,0.673078,5.6,5.0,1.7227665977411,-0.395894057093294,2.90908446682832,0,Sabah
18.19,0.616641,9.28,5.0,2.22786154679811,-0.483468272065702,2.90087199253003,0,Sabah
18.17,0.368851,8.32,5.0,2.11866225483312,-0.997362510526316,2.89977188240808,0,Sabah
18.07,0.719186,6.18,5.0,1.8213182714696,-0.329635262087608,2.89425310460414,0,Sabah
17.6,0.62656,5.43,5.0,1.69193913394584,-0.467510739080046,2.86789890204411,0,Sabah
17.51,1.591659,5.85,5.0,1.76644166124377,0.464776868499056,2.86277214629776,0,Sabah
17.26,0.573032,4.5,5.0,1.50407739677627,-0.556813717404412,2.84839168565528,0,Sabah
17.26,0.916506,6.3,5.0,1.84054963339749,-0.087186665078962,2.84839168565528,0,Sabah
17.22,0.609588,5.67,5.0,1.73518911773966,-0.494971959842823,2.84607149899958,0,Sabah
17.02,0.745476,5.6,5.0,1.7227665977411,-0.293732338454508,2.83438912314523,0,Sabah
16.8,1.32384,5.93,5.0,1.78002421300963,0.28053660429091,2.82137888640921,0,Sabah
16.06,1.231802,6.07,5.0,1.80335860507141,0.208478137909689,2.77633170851862,0,Sabah
15.94,0.543554,6.6,5.0,1.88706964903238,-0.609626221330597,2.76883167336207,0,Sabah
15.92,0.603368,6.21,5.0,1.82616089594539,-0.505227986477519,2.76757618041624,0,Sabah
15.58,0.49856,4.54,5.0,1.51292701205326,-0.696031335739808,2.7459880404426,0,Sabah
15.46,0.759086,5.51,5.0,1.70656462316482,-0.275640201022386,2.73825604315928,0,Sabah
15.02,0.787048,4.62,5.0,1.53039470509365,-0.239466041319152,2.70938264633599,0,Sabah
14.92,0.971292,4.43,5.0,1.48839958405704,-0.0291281349919987,2.70270259477561,0,Sabah
14.54,0.657208,5.01,5.0,1.61143591509677,-0.419754720038578,2.67690347210537,0,Sabah
14.08,0.188672,5.37,5.0,1.68082790852077,-1.66774522129537,2.6447553507299,0,Sabah
13.75,0.55275,5.19,5.0,1.6467336971778,-0.592849459244581,2.62103882411258,0,Sabah
13.74,0.987906,5.94,5.0,1.78170913337455,-0.0121677274609328,2.6203112867942,0,Sabah
13.59,0.354699,5.62,5.0,1.7263316639056,-1.03648573649044,2.60933422816305,0,Sabah
13.27,0.759044,5.13,5.0,1.63510565918268,-0.275695532252269,2.58550584834412,0,Sabah
13.07,0.713622,5.52,5.0,1.708377860289,-0.337401868595147,2.57031952763613,0,Sabah
13.02,0.576786,4.85,5.0,1.57897870494939,-0.550283965150624,2.56648663678042,0,Sabah
13.02,0.171864,4.7,5.0,1.54756250871601,-1.76105181260939,2.56648663678042,0,Sabah
12.99,1.982274,5.26,5.0,1.66013102674962,0.684244670550728,2.56417983068251,0,Sabah
12.87,0.719433,4.97,5.0,1.60341984010854,-0.329291877213048,2.55489902160804,0,Sabah
12.65,0.66286,5.18,5.0,1.64480505627139,-0.411191472481611,2.53765721517353,0,Sabah
12.28,0.381908,5.51,5.0,1.70656462316482,-0.962575537077952,2.507971922719,0,Sabah
12.03,0.479997,2.33,5.0,0.84586826757761,-0.733975425099732,2.48740352998659,0,Sabah
11.0,0.4235,3.79,5.0,1.33236601909433,-0.859201764890028,2.39789527279837,0,Sabah
10.4,0.85904,3.52,5.0,1.25846098961001,-0.151939792307878,2.34180580614733,0,Sabah
10.02,0.3507,3.23,5.0,1.17248213723457,-1.047824121836,2.30458309565672,0,Sabah
9.81,0.36,2.82,5.0,1.03673688495002,-1.02165124753198,2.28340227357727,0,Sabah
8.42,0.22734,2.53,5.0,0.928219302739429,-1.48130858472357,2.13060982825424,0,Sabah
2.28,0.112632,1.25,5.0,0.22314355131421,-2.18362941182191,0.82417544296635,0,Sabah
43.4,3.37652,10.94,5.0,2.39242579699384,1.21684559330857,3.77045944110636,1,Sabah
41.39,5.542121,17.75,5.0,2.87638551592142,1.71237727947563,3.72303930576064,1,Sabah
33.35,3.231615,12.27,5.0,2.50715725872282,1.17298201227622,3.50705777236163,1,Sabah
29.34,3.2274,10.05,5.0,2.30757263450508,1.17167685952512,3.37895177271484,1,Sabah
29.25,4.431375,10.42,5.0,2.34372703632522,1.48870991964515,3.37587957367787,1,Sabah
28.48,4.93,7.42,5.0,2.00417905717929,1.5953389880546,3.34920208654377,1,Sabah
27.38,22.16,26.41,5.0,3.27374272630904,3.09828886187908,3.3098128198603,1,Sabah
26.6,1.25552,7.25,5.0,1.98100146886658,0.227549829397026,3.28091121578765,1,Sabah
24.88,3.301576,7.75,5.0,2.04769284336526,1.194399930227,3.21406426787098,1,Sabah
24.8,3.867,9.15,5.0,2.21375387928743,1.35247901262516,3.21084365317094,1,Sabah
23.75,2.50325,7.14,5.0,1.96571277635149,0.917589887605775,3.16758253048065,1,Sabah
22.05,4.588605,8.61,5.0,2.15292431843964,1.52357605631031,3.09331260189286,1,Sabah
20.36,2.691592,6.08,5.0,1.80500469597808,0.99013284011777,3.01357219168232,1,Sabah
19.88,3.21062,6.08,5.0,1.80500469597808,1.166464064909,2.98971420122843,1,Sabah
19.35,3.043755,6.96,5.0,1.94017947434633,1.11309195055789,2.96269241947579,1,Sabah
6.74,0.219724,2.48,9.1,0.90825856017689,-1.51538306568526,1.90805992492422,0,Panama
7.7,0.38962,3.14,9.1,1.14422279992016,-0.942583373829079,2.04122032885964,0,Panama
7.97,0.28692,2.63,9.1,0.966983846189673,-1.2485518477239,2.07568449280212,0,Panama
8.82,0.380142,3.78,9.1,1.3297240096315,-0.967210411853735,2.1770218700187,0,Panama
9.44,0.435184,3.95,9.1,1.37371557891303,-0.831986348822125,2.24495598015741,0,Panama
9.92,0.29264,4.11,9.1,1.41342302850814,-1.22881209433958,2.29455292129678,0,Panama
11.23,0.522195,4.11,9.1,1.41342302850814,-0.649714197638475,2.41858876875035,0,Panama
11.26,0.5067,5.22,9.1,1.65249740189455,-0.679836166500273,2.42125662271154,0,Panama
11.29,0.291282,4.17,9.1,1.42791603581071,-1.233463408893,2.42391737816157,0,Panama
12.12,0.566004,4.03,9.1,1.39376637595859,-0.569154133666117,2.49485698064117,0,Panama
12.26,0.605644,5.45,9.1,1.69561560867515,-0.501462924280195,2.50634193050807,0,Panama
12.33,0.490734,3.72,9.1,1.31372366828506,-0.711853049515492,2.51203531717625,0,Panama
12.92,0.576232,3.81,9.1,1.33762918913861,-0.551244921601663,2.55877649835446,0,Panama
13.0,0.3107,3.65,9.1,1.2947271675944,-1.16892746258314,2.56494935746154,0,Panama
13.56,0.973608,4.15,9.1,1.42310833424261,-0.026746520415709,2.60712428251225,0,Panama
14.57,0.884399,4.88,9.1,1.58514521986506,-0.122846960709571,2.67896462020711,0,Panama
14.58,1.256796,5.85,9.1,1.76644166124377,0.228565625268022,2.67965072658051,0,Panama
14.6,0.87016,6.18,9.1,1.8213182714696,-0.139078176196542,2.68102152871429,0,Panama
15.12,0.511056,6.42,9.1,1.85941811770187,-0.671276105741777,2.71601837075139,0,Panama
15.2,0.42712,6.13,9.1,1.81319474994812,-0.850690274790206,2.72129542785223,0,Panama
15.67,1.090632,6.25,9.1,1.83258146374831,0.0867573447261664,2.75174805636793,0,Panama
16.18,0.608368,4.05,9.1,1.39871688111845,-0.496975316955942,2.78377591163035,0,Panama
16.62,0.300822,5.8,9.1,1.75785791755237,-1.20123655128306,2.8106067894273,0,Panama
16.71,1.567398,4.37,9.1,1.4747630091075,0.449416919637344,2.8160073426073,0,Panama
17.1,0.53865,4.85,9.1,1.57897870494939,-0.618689269641936,2.83907846350861,0,Panama
17.63,1.650168,4.8,9.1,1.56861591791385,0.500877100911188,2.86960199640978,0,Panama
17.69,1.075552,6.28,9.1,1.83736998048011,0.0728340181616784,2.87299950817169,0,Panama
18.7,1.04159,7.13,9.1,1.9643112344262,0.0407483918116422,2.92852352386054,0,Panama
19.1,2.27672,8.32,9.1,2.11866225483312,0.822735810701697,2.94968833505258,0,Panama
19.29,1.323294,7.08,9.1,1.95727390770563,0.28012408266734,2.95958682691764,0,Panama
19.99,1.747126,6.65,9.1,1.89461685466776,0.557972152191661,2.99523214851231,0,Panama
20.25,1.221075,7.27,9.1,1.98375629154543,0.199731618303551,3.00815479355255,0,Panama
20.87,0.884888,8.21,9.1,2.10535292346434,-0.122294195655116,3.03831272108911,0,Panama
21.16,0.509956,7.13,9.1,1.9643112344262,-0.673430831495429,3.0521126069901,0,Panama
26.99,1.3495,10.34,9.1,2.33601986908028,0.299734153475922,3.29546642702991,0,Panama
28.94,1.276254,8.43,9.1,2.13179677201376,0.243929224674001,3.36522472120334,0,Panama
45.23,3.523417,16.67,9.1,2.8136106967627,1.25943125738432,3.81176058348975,0,Panama
45.89,51.08,43.58,9.1,3.77459832951647,3.93339303116434,3.82624722840674,1,Panama
20.92,12.924376,15.09,9.1,2.71403227277976,2.55911514069907,3.04070563919672,1,Panama
22.87,11.146838,14.81,9.1,2.69530262827971,2.41115587024366,3.12982600803469,1,Panama
25.94,11.405818,16.56,9.1,2.80699014895711,2.43412357609293,3.2557861788883,1,Panama
14.24,5.707392,7.22,9.1,1.97685495290474,1.74176217677235,2.65605490598383,1,Panama
16.25,4.25425,5.64,9.1,1.72988406550997,1.44791848326941,2.78809290877575,1,Panama
49.3,9.71703,26.25,9.1,3.26766598903763,2.27388001622518,3.89792408104864,1,Panama
24.18,2.463942,10.8,9.1,2.37954613413017,0.901762506433189,3.18552584518665,1,Panama
14.58,1.433214,4.5,9.1,1.50407739677627,0.359919474751496,2.67965072658051,1,Panama
49.45,4.831265,11.54,9.1,2.44581926107995,1.57510833813532,3.90096205806872,1,Panama
13.8,1.31652,6.58,9.1,1.88403474533723,0.274991891635263,2.62466859216316,1,Panama
14.03,1.224819,5.4,9.1,1.68639895357023,0.202793077977789,2.64119789411437,1,Panama
25.8,1.91952,7.12,9.1,1.96290772542388,0.652075154784481,3.25037449192757,1,Panama
14.79,0.93177,3.37,9.1,1.21491274436427,-0.070669275867896,2.69395127672271,1,Panama
28.94,1.72193,8.84,9.1,2.17928687664955,0.543445754772785,3.36522472120334,1,Panama
18.35,0.78905,6.99,9.1,1.94448055624572,-0.236925588787995,2.90962957450058,1,Panama
11.67,0.394446,4.67,9.1,1.54115907168081,-0.9302730301947,2.45702144629846,1,Panama
13.11,0.291042,4.68,9.1,1.54329810992956,-1.2342876923283,2.57337529777561,1,Panama
7.77,0.477855,3.31,10.4,1.19694818938897,-0.738447939790109,2.05027016437956,0,Costa Rica
10.31,0.282494,2.62,10.4,0.963174317773006,-1.26409796755924,2.33311429802887,0,Costa Rica
11.28,1.046784,4.7,10.4,1.54756250871601,0.0457226068799306,2.42303124606991,0,Costa Rica
11.67,0.532152,2.82,10.4,1.03673688495002,-0.630826116163332,2.45702144629846,0,Costa Rica
13.38,0.587382,3.75,10.4,1.32175583998232,-0.532079904200929,2.59376105470008,0,Costa Rica
14.1,0.37647,4.92,10.4,1.59330853050422,-0.97691691619181,2.64617479738412,0,Costa Rica
14.1,0.56118,5.59,10.4,1.72097928716701,-0.577713569307622,2.64617479738412,0,Costa Rica
14.18,0.727434,5.3,10.4,1.66770682055808,-0.318232005701432,2.65183252110398,0,Costa Rica
15.01,1.341894,5.81,10.4,1.75958057086382,0.294082048842702,2.70871664564537,0,Costa Rica
16.1,0.85652,5.77,10.4,1.75267208052001,-0.154877610644121,2.77881927199042,0,Costa Rica
16.56,0.622656,4.78,10.4,1.56444054650336,-0.473761079629175,2.80699014895711,0,Costa Rica
16.59,0.642033,6.29,10.4,1.83896107071235,-0.443115574744048,2.80880010420235,0,Costa Rica
16.86,1.712976,4.62,10.4,1.53039470509365,0.538232208735954,2.82494395257371,0,Costa Rica
17.01,1.558116,7.97,10.4,2.07568449280212,0.443477399105718,2.83380140640777,0,Costa Rica
17.86,0.510796,6.18,10.4,1.8213182714696,-0.671784985707977,2.88256357544835,0,Costa Rica
18.01,1.6209,8.05,10.4,2.08567209143047,0.482981550535993,2.89092715918786,0,Costa Rica
18.1,1.08962,6.57,10.4,1.88251383249652,0.0858290116044184,2.89591193827178,0,Costa Rica
18.71,0.974791,5.58,10.4,1.71918877639322,-0.0255321899368176,2.929058140286,0,Costa Rica
18.75,0.755625,5.96,10.4,1.78507048107726,-0.28021005761308,2.93119375241642,0,Costa Rica
19.74,2.49711,7.33,10.4,1.99197551589856,0.915134063190774,2.98264703400534,0,Costa Rica
20.1,0.74772,6.31,10.4,1.84213567655312,-0.290726702638006,3.00071981506503,0,Costa Rica
20.16,1.06848,8.14,10.4,2.09679018001445,0.0662370777731527,3.00370044320317,0,Costa Rica
20.32,2.283968,10.01,10.4,2.30358459332713,0.825914281187735,3.01160562271028,0,Costa Rica
20.35,2.79202,10.29,10.4,2.33117254984596,1.02676534819825,3.0130809118886,0,Costa Rica
20.42,1.06184,4.79,10.4,1.56653041142282,0.0600032523358097,3.01651481273652,0,Costa Rica
22.67,1.274054,7.49,10.4,2.01356879752913,0.242203942436946,3.12104246451944,0,Costa Rica
22.9,1.33049,9.0,10.4,2.19722457733622,0.285547295435922,3.13113691056019,0,Costa Rica
23.8,0.7021,8.37,10.4,2.12465388450138,-0.353679434958934,3.16968558067743,0,Costa Rica
23.87,1.281819,9.34,10.4,2.23430625224075,0.248280162883421,3.17262244035074,0,Costa Rica
24.7,2.01058,10.59,10.4,2.35991015961332,0.698423237660289,3.20680324363393,0,Costa Rica
26.4,0.90816,8.56,10.4,2.14710019015365,-0.096334704450514,3.27336401015227,0,Costa Rica
28.12,1.16698,7.31,10.4,1.98924327376169,0.15441921519698,3.33648106694246,0,Costa Rica
30.06,1.569132,9.02,10.4,2.19944433407453,0.450522600231284,3.40319538432483,0,Costa Rica
28.37,6.769082,15.84,10.4,2.76253838638628,1.91236547950244,3.34533224882076,0,Costa Rica
17.33,3.398413,7.2,10.4,1.97408102602201,1.22330855794768,2.85243910372751,1,Costa Rica
17.68,1.462136,5.42,10.4,1.69009581545156,0.379898380257006,2.8724340572095,1,Costa Rica
18.0,1.008,4.12,10.4,1.41585316336144,0.00796816964917688,2.89037175789616,1,Costa Rica
19.21,12.234849,9.34,10.4,2.23430625224075,2.50428835517565,2.95543097678047,1,Costa Rica
20.18,1.951406,10.13,10.4,2.31550131826059,0.668550138402574,3.00469201492546,1,Costa Rica
21.02,2.825088,7.24,10.4,1.97962120639763,1.03853951455572,3.04547436544881,1,Costa Rica
22.44,8.590032,13.09,10.4,2.57184857992181,2.15060246125116,3.1108450806545,1,Costa Rica
26.87,12.65577,13.59,10.4,2.60933422816305,2.53811323766168,3.2910104226274,1,Costa Rica
30.8,2.4024,10.14,10.4,2.31648799816304,0.876468237686983,3.42751468997953,1,Costa Rica
31.95,24.93,36.62,10.4,3.60059453924636,3.21607189753547,3.46417218082354,1,Costa Rica
32.84,5.45144,11.0,10.4,2.39789527279837,1.69587979395863,3.49164728458423,1,Costa Rica
33.29,2.86294,10.54,10.4,2.35517754311322,1.0518490688583,3.50525705158693,1,Costa Rica
38.22,2.633358,15.72,10.4,2.75493378700106,0.968259837849603,3.64335893881213,1,Costa Rica
46.6,48.88,46.17,10.4,3.8323302365189,3.88936831486334,3.8416005411316,1,Costa Rica
46.94,3.374986,15.8,10.4,2.76000994003292,1.21639117616774,3.84887019042288,1,Costa Rica
72.3,2.39313,20.6,10.4,3.02529107579554,0.8726021325656,4.28082412916472,1,Costa Rica
6.93,0.449064,3.1,17.1,1.1314021114911,-0.800589862422096,1.93585981320181,0,N Queensland
7.27,0.26172,2.5,17.1,0.916290731874155,-1.3404800489806,1.98375629154543,0,N Queensland
7.43,0.766033,2.98,17.1,1.09192330051731,-0.266530029229555,2.00552585872967,0,N Queensland
8.0,0.5928,3.06,17.1,1.11841491596429,-0.52289820500026,2.07944154167984,0,N Queensland
8.08,0.4929,3.03,17.1,1.10856261952128,-0.707448965270805,2.089391872533,0,N Queensland
8.48,0.819168,4.33,17.1,1.4655675420144,-0.199466087959853,2.13771044980381,0,N Queensland
8.56,0.598344,4.82,17.1,1.57277392806251,-0.513589439588722,2.14710019015365,0,N Queensland
8.72,0.5901,4.88,17.1,1.58514521986506,-0.527463264919014,2.16561923792089,0,N Queensland
9.153333,0.520824648,3.01,17.1,1.10194007876078,-0.652341862018734,2.21411807525511,0,N Queensland
9.353333,0.893243302,4.04,17.1,1.39624469197306,-0.112896280567409,2.23573275036829,0,N Queensland
9.48,0.239844,3.24,17.1,1.17557332980424,-1.42776656698173,2.24918431626693,0,N Queensland
9.56,0.65964,2.84,17.1,1.04380405217311,-0.416061047321568,2.25758772706331,0,N Queensland
10.06,1.259512,3.37,17.1,1.21491274436427,0.230724344355454,2.30856716467159,0,N Queensland
10.06,0.602594,3.79,17.1,1.33236601909433,-0.50651160918914,2.30856716467159,0,N Queensland
10.11,0.7446015,3.72,17.1,1.31372366828506,-0.294906103041118,2.31352503303238,0,N Queensland
10.37,0.281,3.48,17.1,1.24703229378638,-1.26940060964839,2.33891702224144,0,N Queensland
10.44,0.489636,3.99,17.1,1.38379123090177,-0.714093021075411,2.34564458245449,0,N Queensland
10.5,0.09975,3.33,17.1,1.20297230399235,-2.30508822321216,2.35137525716348,0,N Queensland
10.55,1.00014,5.16,17.1,1.64093657949347,0.0001399902009146,2.35612585992208,0,N Queensland
10.87,0.84786,4.01,17.1,1.38879124131848,-0.165039751159427,2.38600670113312,0,N Queensland
11.22,1.104048,4.65,17.1,1.53686721959927,0.098983425170621,2.41769790009455,0,N Queensland
11.66,0.871,3.62,17.1,1.28647402583768,-0.138113302129634,2.45616418092235,0,N Queensland
11.86,0.856292,4.33,17.1,1.4655675420144,-0.155143839513777,2.47317139356958,0,N Queensland
12.23,0.386468,4.11,17.1,1.41342302850814,-0.95070620869019,2.50389194969908,0,N Queensland
12.84,0.889812,4.36,17.1,1.47247205736094,-0.116745074524464,2.55256529826182,0,N Queensland
12.9,0.2709,4.18,17.1,1.43031124653667,-1.30600552989109,2.55722731136763,0,N Queensland
12.96,0.415368,4.03,17.1,1.39376637595859,-0.87859040469133,2.56186769092413,0,N Queensland
13.03,0.28763725,3.29,17.1,1.19088756477728,-1.24605514135536,2.56725439113675,0,N Queensland
13.4,1.47802,5.59,17.1,1.72097928716701,0.390703354234185,2.59525470695687,0,N Queensland
13.413333,0.854871952,4.34,17.1,1.46787434811231,-0.156803585003776,2.59624921227248,0,N Queensland
13.59,0.9696465,5.64,17.1,1.72988406550997,-0.0308237068962393,2.60933422816305,0,N Queensland
14.36,0.548552,4.26,17.1,1.44926916028128,-0.600473199749529,2.66444656362008,0,N Queensland
14.4,0.45072,3.975,17.1,1.3800247481063,-0.796908974854075,2.66722820658195,0,N Queensland
14.6,1.04828,3.05,17.1,1.11514159061932,0.0471507257863323,2.68102152871429,0,N Queensland
14.9,0.93125,4.57,17.1,1.51951320490611,-0.0712275092883678,2.70136121295141,0,N Queensland
16.49,1.205419,7.61,17.1,2.0294631718736,0.186827224345103,2.80275413657151,0,N Queensland
16.67,0.698473,5.68,17.1,1.73695123273306,-0.358858755291342,2.8136106967627,0,N Queensland
17.04,1.159572,6.86,17.1,1.92570744173779,0.148050971516508,2.83556352140117,0,N Queensland
19.89,1.1795,7.81,17.1,2.0554049638516,0.165090619865593,2.99021709286588,0,N Queensland
24.43,1.2044,6.96,17.1,1.94017947434633,0.185981517625442,3.19581188526965,0,N Queensland
30.35,1.6586275,6.78,17.1,1.9139771019523,0.505990453145918,3.41279651750551,0,N Queensland
13.98,1.50984,3.9,17.1,1.3609765531356,0.412003684947747,2.63762773680566,1,N Queensland
14.45,2.88422,5.72,17.1,1.74396880539171,1.05925449945367,2.67069441455844,1,N Queensland
15.25,0.840275,3.0,17.1,1.09861228866811,-0.174026059769848,2.72457950305342,1,N Queensland
15.3,1.87425,5.88,17.1,1.77155676191054,0.628208579401034,2.72785282839839,1,N Queensland
15.348,1.8049248,4.84,17.1,1.57691472072854,0.590518928867095,2.73098517238471,1,N Queensland
15.46,1.842832,5.85,17.1,1.76644166124377,0.611303518808388,2.73825604315928,1,N Queensland
15.56,1.039408,4.72,17.1,1.55180879959746,0.0386513203107086,2.74470351875025,1,N Queensland
17.0,0.4148,7.22,17.1,1.97685495290474,-0.879958802626765,2.83321334405622,1,N Queensland
17.8,1.55572,5.28,17.1,1.66392609771817,0.441938460977392,2.87919845729804,1,N Queensland
17.97,3.5212215,6.15,17.1,1.81645208181843,1.25880794645897,2.88870370079547,1,N Queensland
18.76,1.876,7.19,17.1,1.97269117173296,0.629141850584033,2.93172694357808,1,N Queensland
19.68,6.5928,8.16,17.1,2.09924416897602,1.88597814446704,2.97960289162411,1,N Queensland
20.98,3.268684,6.58,17.1,1.88403474533723,1.18438745742266,3.04356960296815,1,N Queensland
22.215,10.4743725,11.46,17.1,2.43886271128659,2.34893155947925,3.10076773638787,1,N Queensland
22.64,0.875036,3.8,17.1,1.33500106673234,-0.133490250613724,3.11971825333498,1,N Queensland
25.275,3.634545,6.85,17.1,1.92424865227413,1.29048393121134,3.22981576490653,1,N Queensland
26.55,2.6350875,5.92,17.1,1.77833644889591,0.96891638827311,3.27902974768795,1,N Queensland
26.9925,3.83563425,8.53,17.1,2.14358936150359,1.34433480576008,3.29555904963916,1,N Queensland
35.843333,3.799393298,9.51,17.1,2.2523438765573,1.33484139556453,3.5791575804346,1,N Queensland
42.275,1.49442125,23.45,17.1,3.15487049489229,0.401739008145089,3.74419589478464,1,N Queensland
0.8555,0.069167175,0.545,28.2,-0.606969484318893,-2.67122887860891,-0.156069185649889,0,S Queensland
2.08,0.129376,0.793,28.2,-0.231932057347289,-2.04503238552378,0.732367893713227,0,S Queensland
6.22,0.43229,3.2,28.2,1.16315080980568,-0.838658619660303,1.82776990675109,0,S Queensland
6.9,0.24978,2.86,28.2,1.05082162483176,-1.3871747485472,1.93152141160321,0,S Queensland
7.16,0.3401,3.26,28.2,1.18172719537862,-1.07851558696899,1.96850998097255,0,S Queensland
8.03,0.662475,4.02,28.2,1.39128190263093,-0.411772457682831,2.08318452795867,0,S Queensland
8.16,0.536928,3.33,28.2,1.20297230399235,-0.62189127167485,2.09924416897602,0,S Queensland
8.41,0.278371,2.66,28.2,0.978326122793608,-1.27880052261426,2.12942147398486,0,S Queensland
9.66,0.681996,3.44,28.2,1.23547147138531,-0.382731486258514,2.26799364822443,0,S Queensland
11.075,1.039,4.48,28.2,1.49962304642689,0.0382587121170903,2.4046903159312,0,S Queensland
11.39,0.750601,4.69,28.2,1.54543258245819,-0.286881060014585,2.43273577745909,0,S Queensland
11.46,0.599358,3.42,28.2,1.22964055107451,-0.511896196624666,2.43886271128659,0,S Queensland
11.92,0.723544,5.08,28.2,1.62531126159039,-0.323593919279481,2.4782176616372,0,S Queensland
4.24,0.31588,1.54,28.2,0.431782416425538,-1.15239288435276,1.44456326924387,1,S Queensland
7.22,0.889504,2.93,28.2,1.07500242302898,-0.117091274977983,1.97685495290474,1,S Queensland
8.23,0.284758,3.05,28.2,1.11514159061932,-1.25611558222948,2.10778601468898,1,S Queensland
9.54,0.99693,4.0,28.2,1.38629436111989,-0.00307472211707622,2.2554934854602,1,S Queensland
9.7,0.77503,2.93,28.2,1.07500242302898,-0.254853540700571,2.27212588550934,1,S Queensland
10.01,0.906906,3.31,28.2,1.19694818938897,-0.0977164726060742,2.30358459332713,1,S Queensland
10.8,0.95094,3.57,28.2,1.27256559579155,-0.0503043099097479,2.37954613413017,1,S Queensland
11.46,3.050652,5.04,28.2,1.61740608208328,1.11535533826547,2.43886271128659,1,S Queensland
11.87,5.788999,6.68,28.2,1.89911798754855,1.75595939235545,2.47401420862158,1,S Queensland
11.94,0.527748,3.05,28.2,1.11514159061932,-0.639136381934029,2.47989410796446,1,S Queensland
12.38,0.66397654,3.36,28.2,1.21194097397511,-0.40950846145517,2.51608226725645,1,S Queensland
12.6,0.72702,4.04,28.2,1.39624469197306,-0.318801291510651,2.53369681395743,1,S Queensland
12.68,0.904718,3.28,28.2,1.18784342239605,-0.100131986050212,2.54002594900908,1,S Queensland
13.84,1.201312,4.3,28.2,1.45861502269952,0.183414292873691,2.62756295018952,1,S Queensland
16.92,0.658188,3.47,28.2,1.24415459395877,-0.418264674179659,2.82849635417808,1,S Queensland
21.9,21.35,23.65,28.2,3.16336311493794,3.06105173967463,3.08648663682246,1,S Queensland
29.5,0.8555,20.0,28.2,2.99573227355399,-0.156069185649889,3.38439026334577,1,S Queensland
36.52,30.18,30.57,28.2,3.42001913590274,3.4071794533397,3.59786005572677,1,S Queensland
1.149429,0.158587869,0.89,42.0,-0.116533816255951,-1.84144646072692,0.139265297328291,0,Tasmania
6.033333,0.481659073,2.75,42.0,1.01160091167848,-0.730518732625913,1.79729959435505,0,Tasmania
3.794286,0.488867191,1.51,42.0,0.412109650826833,-0.71566441944237,1.33349625085412,1,Tasmania
4.9505,0.60445605,2.13,42.0,0.756121979721334,-0.503426316285046,1.59948858158043,1,Tasmania
16.646667,1.407192702,3.73,42.0,1.31640823365572,0.34159672824243,2.81221001620755,1,Tasmania
4.128,0.39653568,1.16,42.0,0.148420005118273,-0.924989254566197,1.41779302817926,1,Tasmania
12.9,1.15197,2.55,42.0,0.936093359170335,0.141473520267943,2.55722731136763,1,Tasmania
1.121333,0.134260564,0.415,42.0,-0.879476758751439,-2.00797285967595,0.114518156177387,1,Tasmania
1.475,0.092925,0.145,42.0,-1.93102153656156,-2.37596256279882,0.388657989791783,1,Tasmania
